favorite_count,retweet_count,tweet_id
38826,8594,892420643555336193
33259,6316,892177421306343426
25056,4192,891815181378084864
42206,8707,891689557279858688
40353,9480,891327558926688256
20239,3137,891087950875897856
11863,2088,890971913173991426
65598,19056,890729181411237888
27786,4301,890609185150312448
31963,7475,890240255349198849
30677,7394,890006608113172480
27814,5008,889880896479866881
48168,10146,889665388333682689
27184,4582,889638837579907072
15110,2254,889531135344209921
25323,5478,889278841981685760
29107,4533,888917238123831296
25613,4381,888804989199671297
19929,3613,888554962724278272
21775,3522,888078434458587136
30221,5437,887705289381826560
46273,11757,887517139158093824
69183,18388,887473957103951883
33731,10492,887343217045368832
30566,6007,887101392804085760
35185,7829,886983233522544640
12085,3323,886736880519319552
22449,4506,886680336477933568
21153,3204,886366144734445568
116,4,886267009285017600
28010,6341,886258384151887873
0,104,886054160059072513
32739,6868,885984800019947520
36034,6492,885528943205470208
20447,3792,885518971528720385
0,18731,885311592912609280
21971,4415,885167619883638784
77639,18601,884925521741709313
27962,5836,884876753390489601
24322,4911,884562892145688576
27012,5698,884441805382717440
73103,20624,884247878851493888
20403,3012,884162670584377345
21923,3478,883838122936631299
46014,10045,883482846933004288
22579,3712,883360690899218434
37255,6735,883117836046086144
23974,3957,882992080364220416
28351,4968,882762694511734784
27921,6152,882627270321602560
45020,11712,882268110199369728
29400,5037,882045870035918850
24326,3423,881906580714921986
50606,10780,881666595344535552
128,7,881633300179243008
49525,16146,881536004380872706
23099,5200,881268444196462592
17018,2804,880935762899988482
21323,3857,880872448815771648
28562,6351,880465832366813184
27110,4277,880221127280381952
27659,4401,880095782870896641
22334,3533,879862464715927552
314,10,879674319642796034
23436,3218,879492040517615616
106035,44641,879415818425184262
16783,3153,879376492567855104
0,6917,879130579576475649
22622,4769,879050749262655488
18992,2723,879008229531029506
19401,4170,878776093423087618
30326,7324,878604707211726852
0,1310,878404777348136964
0,6733,878316110768087041
7769,1310,878281511006478336
42102,6917,878057613040115712
80123,19402,877736472329191424
0,81,877611172832227328
22798,3875,877556246731214848
27404,5238,877316821321428993
27198,5670,877201837425926144
20715,3409,876838120628539392
23488,4670,876537666061221889
18811,2436,876484053909872640
27992,4758,876120275196170240
25257,4354,875747767867523072
21985,4992,875144289856114688
27489,6132,875097192612077568
25548,4786,875021211251597312
27929,4712,874680097055178752
0,15009,874434818259525634
26136,4180,874296783580663808
22726,4019,874057562936811520
34820,10643,874012996292530176
24354,4014,873580283840344065
0,1615,873337748698140672
7298,1615,873213775632977920
27512,5502,872967104147763200
14796,3762,872820683541237760
0,28,872668790621863937
20897,3779,872620804844003328
40920,9180,872486979161796608
34446,6458,872261713294495745
34661,8290,872122724285648897
38303,11463,871879754684805121
20396,3550,871762521631449091
20365,3526,871515927908634625
0,5810,871166179821445120
21074,5606,871102520638267392
22839,3886,871032628920680449
33925,6367,870804317367881728
120,3,870726314365509632
12549,2712,870656317836468226
83469,26888,870374049280663552
22026,4258,870308999962521604
37048,8575,870063196459192321
42860,10324,869772420881756160
28575,6499,869702957897576449
16169,3219,869596645499047938
20674,3900,869227993411051520
66495,14946,868880397819494401
0,2159,868639477480148993
27608,5942,868622495443632128
10312,2159,868552278524837888
24514,4305,867900495410671616
34499,7563,867774946302451713
16408,2597,867421006826221569
0,131,867072653475098625
32774,8149,867051520902168576
20443,5001,866720684873056260
19681,3614,866686824827068416
124476,36528,866450705531457537
53574,15009,866334964761202691
0,8676,866094527597207552
26083,5809,865718153858494464
26994,5190,865359393868664832
28551,7954,865006731092295680
32970,9048,864873206498414592
14922,3163,864279568663928832
30820,9299,864197398364647424
21066,4301,863907417377173506
15618,4343,863553081350529029
0,2576,863471782782697472
24330,5485,863432100342583297
2312,101,863427515083354112
8960,1146,863079547188785154
8739,2576,863062471531167744
19625,5284,862831371563274240
17473,3686,862722525377298433
21043,5179,862457590147678208
76495,24325,862096992088072192
36954,11162,861383897657036800
17632,4349,861288531465048066
17158,3984,861005113778896900
0,2255,860981674716409858
0,854,860924035999428608
7700,2255,860563773140209665
24228,5515,860524505164394496
18783,3635,860276583193509888
17138,6117,860184849394610176
0,32377,860177593139703809
20070,4293,859924526012018688
15817,3664,859851578198683649
19110,1652,859607811541651456
92616,31746,859196978902773760
34891,14281,859074603037188101
0,8539,858860390427611136
16000,3649,858843525470990336
22153,5088,858471635011153920
16210,3058,858107933456039936
16611,2715,857989990357356544
35317,11167,857746408056729600
6107,1719,857393404942143489
20639,4772,857263160327368704
237,20,857214891891077121
0,179,857062103051644929
19532,4223,857029823797047296
0,11291,856602993587888130
16822,3042,856543823941562368
12217,1988,856526610513747968
0,714,856330835276025856
534,17,856288084350160898
28591,6674,856282028240666624
361,28,855862651834028034
5135,1098,855860136149123072
12234,2243,855857698524602368
46993,18712,855851453814013952
27544,5771,855818117272018944
31051,8730,855459453768019968
0,6344,855245323840757760
0,49,855138241867124737
23724,6493,854732716440526848
30485,7331,854482394044301312
19647,5000,854365224396361728
33238,7985,854120357044912130
16836,3348,854010172552949760
29801,6194,853760880890318849
36419,10867,853639147608842240
16206,3813,853299958564483072
0,2168,852936405516943360
9452,1975,852912242202992640
15609,2302,852672615818899456
17132,3768,852553447878664193
34675,10622,852311364735569921
20936,7330,852226086759018497
11991,1696,852189679701164033
0,10376,851953902622658560
0,23,851861385021730816
16986,3721,851591660324737024
25453,7606,851464819735769094
21692,6165,851224888060895234
32633,10027,850753642995093505
13708,2817,850380195714523136
3585,360,850333567704068097
17168,4126,850145622816686080
21523,5290,850019790995546112
32067,8215,849776966551130114
0,5361,849668094696017920
16712,3388,849412302885593088
12044,2044,849336543269576704
44718,9225,849051919805034497
26578,4672,848690551926992896
26113,4981,848324959059550208
8630,810,848213670039564288
17265,3336,848212111729840128
0,3531,847978865427394560
0,465,847971574464610304
24801,5550,847962785489326080
5801,1463,847842811428974592
7407,456,847617282490613760
19805,3668,847606175596138505
21585,4650,847251039262605312
21121,6357,847157206088847362
22657,3459,847116187444137987
21250,4267,846874817362120707
47317,12627,846514051647705089
14980,3368,846505985330044928
33619,9857,846153765933735936
32652,10693,846139713627017216
16936,3134,846042936437604353
31054,9525,845812042753855489
26612,5207,845677943972139009
8089,1987,845397057150107648
24742,5869,845306882940190720
0,8377,845098359547420673
14467,2824,844979544864018432
16056,3508,844973813909606400
41134,11291,844704788403113984
17490,3423,844580511645339650
14463,2391,844223788422217728
16029,3186,843981021012017153
22728,5048,843856843873095681
17934,2988,843604394117681152
22840,6619,843235543001513987
16164,3912,842846295480000512
7175,1399,842765311967449089
19238,3823,842535590457499648
26061,6344,842163532590374912
14914,3305,842115215311396866
0,16880,841833993020538882
27285,8487,841680585030541313
13455,4028,841439858740625411
21025,5940,841320156043304961
16929,5156,841314665196081154
24424,5810,841077006473256960
0,1925,840761248237133825
0,17791,840728873075638272
194,2,840698636975636481
13120,1083,840696689258311684
9582,1925,840632337062862849
17562,5009,840370681858686976
20553,6293,840268004936019968
14336,2524,839990271299457024
29383,8539,839549326359670784
0,155,839290600511926273
29050,7200,839239871831150596
20958,4382,838952994649550848
11934,2283,838921590096166913
0,37,838916489579200512
0,12197,838831947270979586
11656,1463,838561493054533637
24180,5307,838476387338051585
0,11146,838201503651401729
1791,358,838150277551247360
149,0,838085839343206401
18840,3464,838083903487373313
36563,8676,837820167694528512
4112,488,837482249356513284
13701,2548,837471256429613056
22612,5832,837366284874571778
17122,2644,837110210464448512
13618,2530,836989968035819520
20593,5085,836753516572119041
13494,2449,836677758902222849
0,607,836648853927522308
0,30428,836397794269200385
15740,3241,836380477523124226
22735,4729,836260088725786625
20466,4754,836001077879255040
0,9036,835685285446955009
19077,4003,835574547218894849
0,1878,835536468978302976
0,23249,835309094223372289
17544,3300,835297930240217089
8319,1878,835264098648616962
2233,81,835246439529840640
27991,6347,835172783151792128
24081,3347,835152434251116546
11612,1824,834931633769889797
22614,6029,834786237630337024
14699,2800,834574053763584002
0,11795,834477809192075265
10315,1851,834458053273591808
22106,5299,834209720923721728
16886,4015,834167344700198914
10778,2353,834089966724603904
13997,2449,834086379323871233
14379,2660,833863086058651648
16451,3805,833826103416520705
0,241,833732339549220864
22179,3544,833722901757046785
15956,2285,833479644947025920
21688,5361,833124694597443584
14287,2453,832998151111966721
0,42,832769181346996225
18055,4009,832757312314028032
12758,3264,832682457690300417
3140,576,832645525019123713
17035,3105,832636094638288896
12849,2471,832397543355072512
18425,3531,832369877331693569
12140,2590,832273440279240704
0,6866,832215909146226688
0,10388,832215726631055365
72,2,832088576586297345
0,10797,832040443403784192
19209,5171,832032802820481025
25815,6820,831939777352105988
366,36,831926988323639298
29741,7243,831911600680497154
11234,2011,831670449226514432
7729,2168,831650051525054464
9691,2555,831552930092285952
9863,1695,831322785565769729
6989,1233,831315979191906304
12584,2705,831309418084069378
12814,2277,831262627380748289
8577,1671,830956169170665475
72031,18731,830583320585068544
0,6337,830173239259324417
10585,3349,830097400375152640
0,5579,829878982036299777
13180,2185,829861396166877184
34185,11795,829501995190984704
11284,2263,829449946868879360
37331,10376,829374341691346946
26404,8248,829141528400556032
57093,18062,829011960981237760
0,3785,828801551087042563
27536,6539,828770345708580865
39455,12489,828708714936930305
10261,1493,828650029636317184
6768,1275,828409743546925057
8243,1424,828408677031882754
13612,2472,828381636999917570
7974,1184,828376505180889089
13509,3255,828372645993398273
2362,191,828361771580813312
12690,3180,828046555563323392
11162,2386,828011680017821696
21738,5824,827933404142436356
16668,3344,827653905312006145
8008,1053,827600520311402496
17147,3409,827324948884643840
11425,2500,827199976799354881
23321,5579,826958653328592898
39450,11456,826848821049180160
0,4391,826615380357632002
5529,284,826598799820865537
10878,2619,826598365270007810
19892,4680,826476773533745153
14330,2889,826240494070030336
5265,1049,826204788643753985
16939,3490,826115272272650244
11309,2087,825876512159186944
13757,2780,825829644528148480
56236,19206,825535076884762624
19794,5109,825147591692263424
0,1440,825120256414846976
6876,1440,825026590719483904
0,6124,824796380199809024
16197,3939,824775126675836928
10899,1942,824663926340194305
12751,11593,824325613288833024
16262,4317,824297048279236611
5168,665,824025158776213504
11526,3030,823939628516474880
0,12600,823719002937630720
13603,2698,823699002998870016
14107,2962,823581115634085888
758,29,823333489516937216
17063,4510,823322678127919110
0,11037,823269594223824897
18745,3852,822975315408461824
143493,49166,822872901745569793
14300,2553,822859134160621569
0,7171,822647212903690241
15999,3316,822610361945911296
19669,7171,822489057087389700
31023,16560,822462944365645825
38007,11037,822244816520155136
0,5399,822163064745328640
12333,2627,821886076407029760
0,3742,821813639212650496
9146,1864,821765923262631936
8692,1978,821522889702862852
0,6263,821421320206483457
12802,4891,821407182352777218
276,10,821153421864615936
9486,2259,821149554670182400
10429,2389,821107785811234820
13715,2563,821044531881721856
0,7500,820837357901512704
34279,11146,820749716845686786
13257,3621,820690176645140481
0,633,820494788566847489
0,2896,820446719150292993
3621,633,820314633777061888
21480,7043,820078625395449857
0,1327,820013781606658049
5786,1327,819952236453363712
13982,5433,819924195358416896
14603,3518,819711362133872643
10385,2209,819588359383371776
7851,1347,819347104292290561
2493,453,819238181065359361
25099,7500,819227688460238848
0,41044,819015337530290176
0,21172,819015331746349057
48999,21172,819006400881917954
93752,41044,819004803107983360
0,23407,818646164899774465
24125,8347,818627210458333184
10735,2896,818614493328580609
0,6919,818588835076603904
11885,2784,818536468981415936
0,9113,818307523543449600
11970,2559,818259473185828864
13381,2918,818145370475810820
5254,887,817908911860748288
56438,30428,817827839487737858
11634,2992,817777686764523521
12839,3403,817536400337801217
0,3809,817502432452313088
37293,16880,817423860136083457
6120,1080,817415592588222464
0,9565,817181837579653120
9494,2258,817171292965273600
13210,2944,817120970343411712
9325,1854,817056546584727552
0,5313,816829038950027264
10883,2291,816816676327063552
10667,2471,816697700272001025
33296,9113,816450570814898180
9372,2198,816336735214911488
9717,2417,816091915477250048
0,1179,816062466425819140
0,5974,816014286006976512
5442,1179,815990720817401858
24496,9565,815966073409433600
0,4640,815745968457060357
10712,2550,815736392542261248
8961,1849,815639385530101762
11248,4274,815390420867969024
8320,1456,814986499976527872
12286,3048,814638523311648768
0,6553,814578408554463233
9450,2088,814530161257443328
31337,9778,814153002265309185
0,3633,813944609378369540
10119,2118,813910438903693312
39602,15774,813812741911748608
9099,1983,813800681631023104
20368,8206,813217897535406080
9991,2024,813202720496779264
21634,4915,813187593374461952
10189,2167,813172488309972993
8440,2489,813157409116065792
9168,2654,813142292504645637
4869,498,813130366689148928
12947,3530,813127251579564032
11264,3105,813112105746448384
11466,4074,813096984823349248
10775,3119,813081950185472002
8669,2187,813066809284972545
22847,8236,813051746834595840
8250,2149,812781120811126785
0,7822,812747805718642688
7223,1610,812709060537683968
6644,1380,812503143955202048
8724,2171,812466873996607488
14934,4131,812372279581671427
7937,1587,811985624773361665
8243,1817,811744202451197953
6088,837,811647686436880384
13982,3536,811627233043480576
22809,7210,811386762094317568
5826,1608,810984652412424192
9869,2013,810896069567610880
11970,2974,810657578271330305
38748,12910,810284430598270976
16037,3785,810254108431155201
16903,4391,809920764300447744
0,5534,809808892968534016
7564,1658,809448704142938112
21778,6337,809220051211603969
14414,3952,809084759137812480
11028,3425,808838249661788160
8620,2440,808733504066486276
12322,2918,808501579447930884
46427,23407,808344865868283904
0,6729,808134635716833280
9517,2458,808106460588765185
13739,3983,808001312164028416
15936,4151,807621403335917568
123097,61173,807106840509214720
0,8282,807059379405148160
14233,4297,807010152071229440
82246,39473,806629075125202948
0,6222,806620845233815552
5283,2178,806576416489959424
11148,2678,806542213899489280
0,13205,806242860592926720
7002,1353,806219024703037440
0,6058,805958939288408065
9021,2141,805932879469572096
7183,2065,805826884734976000
0,9096,805823200554876929
6261,1866,805520635690676224
9569,2856,805487436403003392
8496,1915,805207613751304193
15015,4348,804738756058218496
6728,2269,804475857670639616
0,3627,804413760345620481
48757,18297,804026241225523202
10987,3126,803773340896923648
0,8398,803692223237865472
12008,4678,803638050916102144
8459,2097,803380650405482500
0,6030,803321560782307329
10965,2784,803276597545603072
9861,2261,802952499103731712
0,3300,802624713319034886
7779,1656,802600418706604034
9774,2828,802572683846291456
17770,6598,802323869084381190
6925,1531,802265048156610565
9912,2939,802239329049477120
0,303,802185808107208704
8438,1928,801958328846974976
1922,263,801854953262350336
8950,2323,801538201127157760
6634,936,801285448605831168
26829,6729,801167903437357056
0,4492,801127390143516673
8825,2357,801115127852503040
756,109,800859414831898624
0,1839,800855607700029440
11470,3124,800751577355128832
14386,3395,800513324630806528
10333,2423,800459316964663297
0,4891,800443802682937345
12197,3158,800388270626521089
0,4444,800188575492947969
16730,2896,800141422401830912
31065,14902,800018252395122689
0,5306,799774291445383169
9196,2439,799757965289017345
8793,2157,799422933579902976
0,6263,799308762079035393
10845,3136,799297110730567681
8850,2782,799063482566066176
14410,5064,798933969379225600
8114,1621,798925684722855936
0,7481,798705661114773508
0,8837,798701998996647937
0,7357,798697898615730177
0,5625,798694562394996736
0,2620,798686750113755136
0,5352,798682547630837760
0,6280,798673117451325440
0,4393,798665375516884993
0,2090,798644042770751489
0,2215,798628517273620480
0,6457,798585098161549313
0,6660,798576900688019456
0,3802,798340744599797760
11346,2875,798209839306514432
12754,3553,797971864723324932
15887,5476,797545162159308800
21896,7487,797236660651966464
251,32,797165961484890113
0,10079,796904159865868288
8395,2144,796865951799083009
12992,3456,796759840936919040
0,8276,796563435802726400
8299,1990,796484825502875648
12069,4706,796387464403357696
0,16181,796177847564038144
35445,16181,796149749086875649
5416,2016,796125600683540480
9936,2734,796116448414461957
9251,2614,796080075804475393
11826,4173,796031486298386433
54587,26917,795464331001561088
11059,3237,795400264262053889
17776,6124,795076730285391872
0,3812,794983741416415232
11253,2616,794926597468000259
0,11635,794355576146903043
10456,2988,794332329137291264
10086,3758,794205286408003585
18455,5534,793962221541933056
10073,2119,793845145112371200
0,3532,793614319594401792
8725,1848,793601777308463104
11706,2692,793500921481273345
26969,10388,793286476301799424
9447,2664,793271401113350145
21877,9409,793256262322548741
11541,3707,793241302385262592
10765,3228,793226087023144960
9778,3186,793210959003287553
16730,6343,793195938047070209
7570,2241,793180763617361921
10288,3146,793165685325201412
6755,1930,793150605191548928
7069,2802,793135492858580992
13892,4404,793120401413079041
15724,4544,792913359805018113
12391,4827,792883833364439040
8038,1899,792773781206999040
14785,4846,792394556390137856
7861,2030,792050063153438720
0,23750,791821351946420224
0,10929,791784077045166082
0,4292,791780927877898241
49353,25113,791774931465953280
12858,3532,791672322847637504
14380,4640,791406955684368384
9626,2865,791312159183634433
0,4664,791026214425268224
10842,2413,790987426131050500
18187,5313,790946055508652032
0,2618,790723298204217344
8984,2151,790698755171364864
22641,8089,790581949425475584
8563,2105,790337589677002753
13755,3633,790277117346975746
0,4049,790227638568808452
10138,2618,789986466051088384
0,4695,789960241177853952
11388,4673,789903600034189313
8253,2011,789628658055020548
7433,2183,789599242079838210
12875,3812,789530877013393408
9432,2604,789314372632018944
0,5594,789280767834746880
9989,2924,789268448748703744
10637,3150,789137962068021249
29981,14000,788908386943430656
30032,11635,788765914992902144
0,8162,788552643979468800
17081,5987,788412144018661376
7915,2403,788178268662984705
6732,1472,788150585577050112
0,3850,788070120937619456
6716,1493,788039637453406209
9499,3442,787810552592695296
11176,3136,787717603741622272
11857,3194,787397959788929025
8535,1971,787322443945877504
0,7560,787111942498508800
29068,9036,786963064373534720
0,2735,786729988674449408
19891,6866,786709082849828864
11682,2898,786664955043049472
10285,3501,786595970293370880
11928,3956,786363235746385920
8737,3238,786286427768250368
16777,5399,786233965241827333
1574,174,786051337297522688
0,7968,786036967502913536
12437,3557,785927819176054784
7312,2063,785872687017132033
8540,2494,785639753186217984
9975,2268,785533386513321988
6668,1427,785515384317313025
7948,1849,785264754247995392
13234,5489,785170936622350336
11098,3627,784826020293709826
9815,2861,784517518371221505
6212,1445,784431430411685888
21998,9096,784183165795655680
32706,12600,784057939640352768
32885,12197,783839966405230592
8046,2216,783821107061198850
11400,3624,783695101801398276
9254,2540,783466772167098368
18472,6214,783391753726550016
0,6327,783347506784731136
31945,13205,783334639985389568
8901,2494,783085703974514689
26374,8282,782969140009107456
8150,1569,782747134529531904
18848,6058,782722598790725632
8509,2118,782598640137187329
18214,6263,782305867769217024
0,7024,782021823840026624
12109,3787,781955203444699136
11405,3046,781661882474196992
4368,1256,781655249211752448
22661,6222,781524693396357120
7789,2865,781308096455073793
9224,2365,781251288990355457
10655,3065,781163403222056960
23610,8276,780931614150983680
7841,2244,780858289093574656
6019,1459,780800785462489090
13203,3742,780601303617732608
6878,1954,780543529827336192
0,4183,780496263422808064
0,133,780476555013349377
5765,1194,780459368902959104
9508,2520,780192070812196864
0,2582,780092040432480260
13379,5617,780074436359819264
20774,7968,779834332596887552
9632,3504,779377524342161408
0,20687,779124354206535695
12877,4092,779123168116150273
16140,5086,779056095788752897
21837,8186,778990705243029504
0,11190,778774459159379968
935,411,778764940568104960
7529,1501,778748913645780993
6299,1680,778650543019483137
5068,1137,778624900596654080
14867,4882,778408200802557953
0,13751,778396591732486144
6373,1234,778383385161035776
11310,3717,778286810187399168
9234,2967,778039087836069888
7148,1825,778027034220126208
0,3957,777953400541634568
6923,1845,777885040357281792
12242,3300,777684233540206592
0,4791,777641927919427584
9536,2801,777621514455814149
15589,4850,777189768882946048
0,15388,776819012571455488
5317,1357,776813020089548800
9660,3148,776477788987613185
0,10297,776249906839351296
32681,17930,776218204058357768
10448,2822,776201521193218049
12801,4891,776113305656188928
2002,171,776088319444877312
0,17348,775898661951791106
12746,3010,775842724423557120
15076,4492,775733305207554048
14062,5134,775729183532220416
8105,3351,775364825476165632
11058,4392,775350846108426240
16928,5306,775085132600442880
9289,1977,774757898236878852
7311,1950,774639387460112384
23670,6263,774314403806253056
11686,4354,773985732834758656
6951,1935,773922284943896577
7174,1835,773704687002451968
5790,1452,773670353721753600
23992,6919,773547596996571136
0,5722,773336787167145985
25259,8377,773308824254029826
10198,3586,773247561583001600
10869,4603,773191612633579521
9343,4357,772877495989305348
8672,2604,772826264096874500
0,3772,772615324260794368
7043,1900,772581559778025472
6530,1552,772193107915964416
4099,1261,772152991789019136
4074,818,772117678702071809
2942,527,772114945936949249
4356,1035,772102971039580160
7141,2118,771908950375665664
13063,3802,771770456517009408
8978,2928,771500966810099713
11456,5722,771380798096281600
0,8455,771171053431250945
9990,3264,771136648247640064
6750,1606,771102124360998913
7472,1849,771014301343748096
0,245,771004394259247104
5383,1370,770787852854652928
5636,1581,770772759874076672
0,50913,770743923962707968
7957,1952,770655142660169732
6839,2307,770414278348247044
6769,1666,770293558247038976
0,3401,770093767776997377
8225,2573,770069151037685760
34187,10797,769940425801170949
6949,1862,769695466921623552
0,8584,769335591808995329
5863,1918,769212283578875904
15652,7320,768970937022709760
0,3026,768909767477751808
4564,1002,768855141948723200
4472,1349,768609597686943744
5467,1428,768596291618299904
0,6509,768554158521745409
14770,3831,768473857036525572
11839,3957,768193404517830656
5167,1574,767884188863397888
17418,6030,767754930266464257
8128,2606,767500508068192258
13332,4270,767191397493538821
10975,3181,767122157629476866
0,6325,766864461642756096
5517,1522,766793450729734144
2816,428,766714921925144576
4379,883,766693177336135680
6536,1775,766423258543644672
7351,2107,766313316352462849
0,2891,766078092750233600
4646,975,766069199026450432
4054,554,766008592277377025
7841,2404,765719909049503744
5629,1360,765669560888528897
28562,3778,765395769549590528
7690,2402,765371061932261376
12614,3772,765222098633691136
6944,1967,764857477905154048
6571,1696,764259802650378240
797,59,763956972077010945
13688,4664,763837565564780549
5879,1652,763183847194451968
0,3376,763167063695355904
7976,2534,763103485927849985
13212,4049,762699858130116608
12250,7275,762471784394268675
11221,4695,762464539388485633
5230,1257,762316489655476224
34681,17404,762035686371364864
5863,2249,761976711479193600
0,4398,761750502866649088
4613,952,761745352076779520
53679,32377,761672994376806400
4476,1308,761599872357261312
0,19941,761371037149827077
5658,1612,761334018830917632
4833,1229,761292947749015552
5769,1721,761227390836215808
12208,3850,761004547850530816
4142,1079,760893934457552897
7157,2143,760656994973933572
5370,1439,760641137271070720
8213,4040,760539183865880579
4580,1555,760521673607086080
29012,12781,760290219849637889
4264,961,760252756032651264
6186,2014,760190180481531904
0,37,760153949710192640
6441,2322,759943073749200896
15917,6325,759923798737051648
7275,2208,759846353224826880
6468,2120,759793422261743616
0,23558,759566828574212096
5090,1306,759557299618865152
9221,2735,759447681597108224
1813,546,759446261539934208
6566,2162,759197388317847553
0,1307,759159934323924993
15749,4662,759099523532779520
7058,2242,759047813560868866
3839,993,758854675097526272
12098,4248,758828659922702336
6195,1775,758740312047005698
4134,1101,758474966123810816
5202,2472,758467244762497024
5625,2137,758405701903519748
3715,1206,758355060040593408
20802,11190,758099635764359168
2939,421,758041019896193024
7448,3605,757741869644341248
0,9037,757729163776290825
4915,1357,757725642876129280
4928,1239,757611664640446465
0,322,757597904299253760
4716,1178,757596066325864448
16408,7567,757400162377592832
6322,1938,757393109802180609
4892,1584,757354760399941633
6775,2207,756998049151549440
7193,2226,756939218950160384
5491,1468,756651752796094464
11264,4027,756526248105566208
4279,1199,756303284449767430
45944,19398,756288534030475264
6967,1699,756275833623502848
7938,3194,755955933503782912
17801,5968,755206590534418437
22940,12294,755110668769038337
0,8912,754874841593970688
7431,2793,754856583969079297
2787,578,754747087846248448
5735,2154,754482103782404096
4062,817,754449512966619136
8475,2584,754120377874386944
9514,3995,754011816964026368
6329,2423,753655901052166144
8559,3961,753420520834629632
6258,2121,753398408988139520
8227,2582,753375668877008896
0,6406,753298634498793472
3684,1156,753294487569522689
40142,23249,753039830821511168
4212,1081,753026973505581056
13653,7560,752932432744185856
7432,1741,752917284578922496
0,3194,752701944171524096
6494,1786,752682090207055872
4771,1744,752660715232722944
6005,2534,752568224206688256
7965,3810,752519690950500352
4132,1223,752334515931054080
0,18485,752309394570878976
6432,2050,752173152931807232
3336,1031,751950017322246144
5647,1487,751937170840121344
6276,2166,751830394383790080
6336,3235,751793661361422336
8530,3352,751598357617971201
4770,1238,751583847268179968
5440,1402,751538714308972544
3460,1096,751456908746354688
13510,6511,751251247299190784
6817,2025,751205363882532864
5495,1441,751132876104687617
5179,1545,750868782890057730
14283,5594,750719632563142656
4813,1273,750506206503038976
14241,4791,750429297815552001
4902,1262,750383411068534784
741,35,750381685133418496
3337,1069,750147208377409536
3911,1399,750132105863102464
4660,1436,750117059602808832
3290,931,750101899009982464
2341,600,750086836815486976
8461,3700,750071704093859840
3378,984,750056684286914561
3427,685,750041628174217216
2926,872,750026558547456000
3495,1005,750011400160841729
3265,891,749996283729883136
5514,2712,749981277374128128
5015,1449,749774190421639168
6585,1847,749417653287129088
2831,604,749403093750648834
9275,3833,749395845976588288
5922,2449,749317047558017024
6222,2295,749075273010798592
5170,1674,749064354620928000
3345,864,749036806121881602
11573,3774,748977405889503236
6312,2489,748932637671223296
2981,1042,748705597323898880
5103,1767,748699167502000129
4570,1471,748692773788876800
6548,2204,748575535303884801
2349,746,748568946752774144
5621,1367,748346686624440324
8272,4565,748337862848962560
3994,843,748324050481647620
3959,792,748307329658011649
15213,8606,748220828303695873
6250,2379,747963614829678593
7145,2816,747933425676525569
3180,1093,747885874273214464
3020,823,747844099428986880
5228,1284,747816857231626240
1486,174,747651430853525504
13886,6446,747648653817413632
2500,602,747600769478692864
3970,1165,747594051852075008
5985,1744,747512671126323200
4163,1144,747461612269887489
5852,2129,747439450712596480
0,3177,747242308580548608
5682,1738,747219827526344708
3644,1010,747204161125646336
10326,4423,747103485104099331
3102,328,746906459439529985
6445,2366,746872823977771008
5692,1893,746818907684614144
5233,1760,746790600704425984
10268,4292,746757706116112384
6494,1972,746726898085036033
5417,2054,746542875601690625
0,1084,746521445350707200
4988,1191,746507379341139972
6500,1811,746369468511756288
7411,2426,746131877086527488
3809,906,746056683365994496
4347,1172,745789745784041472
7488,2560,745712589599014916
7642,2797,745433870967832576
9219,2689,745422732645535745
7695,3055,745314880350101504
8410,3872,745074613265149952
7776,2515,745057283344719872
3209,692,744995568523612160
8453,2961,744971049620602880
6009,1712,744709971296780288
7253,2359,744334592493166593
128364,77411,744234799360020481
1826,411,744223424764059648
4456,1199,743980027717509120
3914,1052,743895849529389061
0,2307,743835915802583040
4812,1512,743609206067040256
19814,7225,743595368194129920
3775,1035,743545585370791937
8467,4064,743510151680958465
4534,1330,743253157753532416
6653,2098,743222593470234624
4114,1503,743210557239623680
7565,3897,742534281772302336
4773,2185,742528092657332225
7783,4256,742465774154047488
10566,4183,742423170473463808
7290,2190,742385895052087300
4653,1510,742161199639494656
5523,1714,742150209887731712
4878,1660,741793263812808706
8757,3035,741743634094141440
3941,917,741438259667034112
9409,3554,741303864243200000
10743,6074,741099773336379392
10116,3401,741067306818797568
6864,3041,740995100998766593
3652,1025,740711788199743490
3036,855,740699697422163968
19436,7481,740676976021798912
37209,14625,740373189193256964
2660,480,740365076218183684
3537,938,740359016048689152
7168,2161,740214038584557568
21380,6509,739979191639244800
4341,1184,739932936087216128
4061,934,739844404073074688
4087,1500,739623569819336705
5773,1818,739606147276148736
42635,23558,739544079319588864
7725,3226,739485634323156992
73373,50913,739238157791694849
115,6,738891149612572673
4033,1247,738885046782832640
3575,890,738883359779196928
5458,1714,738537504001953792
3511,934,738402415918125056
4625,1326,738184450748633089
9420,3739,738166403467907072
2708,725,738156290900254721
5639,1943,737826014890496000
10692,3797,737800304142471168
5401,1466,737678689543020544
11050,4897,737445876994609152
3862,882,737322739594330112
15698,8119,737310737551491075
4620,1912,736736130620620800
19011,8162,736392552031657984
4284,1365,736365877722001409
8704,3031,736225175608430592
8464,3257,736010884653420544
3859,1259,735991953473572864
4302,1198,735648611367784448
6627,2589,735635087207878657
13907,5572,735274964362878976
3595,967,735256018284875776
3348,1056,735137028879360001
2923,564,734912297295085568
13433,6900,734787690684657664
2682,590,734776360183431168
1601,432,734559631394082816
3842,853,733828123016450049
3927,1104,733822306246479872
3359,1039,733482008106668032
4496,1406,733460102733135873
45436,17348,733109485275860992
2607,586,732732193018155009
3775,967,732726085725589504
3940,847,732585889486888962
8632,2752,732375214819057664
15966,5974,732005617171337216
3728,1074,731285275100512256
4094,1390,731156023742988288
6548,2168,730924654643314689
5265,2361,730573383004487680
3708,1141,730427201120833536
4095,1148,730211855403241472
5220,2114,730196704625098752
4299,1221,729854734790754305
1819,418,729838605770891264
4263,1358,729823566028484608
6210,2518,729463711119904772
2016,360,729113531270991872
3384,893,728986383096946689
4986,1851,728760639972315136
2987,741,728751179681943552
3541,1139,728653952833728512
5263,2202,728409960103686147
3925,1044,728387165835677696
4606,1283,728046963732717569
4857,1833,728035342121635841
4384,1195,728015554473250816
3130,696,727685679342333952
6303,1913,727644517743104000
4774,1338,727524757080539137
3547,816,727314416056803329
3240,897,727286334147182592
4131,1494,727175381690781696
3883,1450,727155742655025152
7345,2672,726935089318363137
4098,1643,726887082820554753
3788,1099,726828223124897792
4710,1268,726224900189511680
7527,2891,725842289046749185
4450,1483,725786712245440512
5533,1946,725729321944506368
1508,679,725458796924002305
3957,1429,724983749226668032
2533,699,724771698126512129
5669,1802,724405726123311104
4627,1931,724049859469295616
2844,607,724046343203856385
4471,1731,724004602748780546
4141,1338,723912936180330496
8234,3254,723688335806480385
3228,973,723673163800948736
5653,2051,723179728551723008
4386,1716,722974582966214656
5287,1789,722613351520608256
4980,2051,721503162398597120
2688,669,721001180231503872
3325,842,720785406564900865
2640,743,720775346191278080
4400,1629,720415127506415616
6843,2760,720389942216527872
3061,1064,720340705894408192
4145,1236,720059472081784833
5224,2186,720043174954147842
5155,1913,719991154352222208
4867,1587,719704490224398336
5389,2115,719551379208073216
2975,804,719367763014393856
4704,1361,719339463458033665
3636,1042,719332531645071360
3720,1202,718971898235854848
5596,1916,718939241951195136
20212,8837,718631497683582976
2610,527,718613305783398402
2655,1103,718540630683709445
2884,582,718460005985447936
5205,1642,718454725339934721
2054,547,718246886998687744
4126,1091,718234618122661888
2611,649,717841801130979328
3092,1232,717790033953034240
6146,2010,717537687239008257
1708,497,717428917016076293
3367,922,717421804990701568
6681,2080,717047459982213120
3491,1069,717009362452090881
4547,1279,716802964044845056
5896,1516,716791146589110272
1309,460,716730379797970944
13994,6422,716447146686459905
2518,240,716439118184652801
2966,1191,716285507865542656
5214,1900,716080869887381504
3415,957,715928423106027520
3984,1555,715758151270801409
4974,1853,715733265223708672
2991,617,715704790270025728
4163,1410,715696743237730304
4610,1771,715680795826982913
5838,1716,715360349751484417
3221,747,715342466308784130
2570,716,715220193576927233
5464,2056,715200624753819648
4447,1351,715009755312439296
4005,1130,714982300363173890
7850,4670,714962719905021952
4410,1550,714957620017307648
3485,1091,714631576617938945
3858,1017,714606013974974464
2893,1272,714485234495041536
3208,783,714258258790387713
3487,918,714251586676113411
2422,961,714214115368108032
4581,1530,714141408463036416
3485,850,713919462244790272
2035,598,713909862279876608
3015,811,713900603437621249
5190,1499,713761197720473600
4706,1410,713411074226274305
7683,3101,713177543487135744
4758,1588,713175907180089344
19863,7357,712809025985978368
13190,5452,712717840512598017
4442,1328,712668654853337088
5677,1704,712438159032893441
261,25,712309440758808576
4052,1135,712097430750289920
3137,985,712092745624633345
3451,533,712085617388212225
2413,685,712065007010385924
0,137,711998809858043904
8594,2522,711968124745228288
3032,1074,711743778164514816
9511,4512,711732680602345472
35093,19941,711694788429553666
4125,1001,711652651650457602
3909,1244,711363825979756544
3529,797,711306686208872448
3198,685,711008018775851008
4859,1517,710997087345876993
2720,749,710844581445812225
2875,587,710833117892898816
2464,617,710658690886586372
5126,2563,710609963652087808
4871,2052,710588934686908417
2530,804,710296729921429505
2275,564,710283270106132480
4830,1377,710272297844797440
2563,1228,710269109699739648
3099,971,710153181850935296
2955,977,710140971284037632
5865,2175,710117014656950272
3185,1171,709918798883774466
719,109,709901256215666688
3747,1301,709852847387627521
3771,1320,709566166965075968
3507,1164,709556954897764353
1588,263,709519240576036864
2374,646,709449600415961088
2798,763,709409458133323776
2560,627,709225125749587968
13458,6377,709207347839836162
2572,699,709198395643068416
2151,736,709179584944730112
2187,454,709158332880297985
5090,1800,709042156699303936
1910,718,708853462201716736
3169,979,708845821941387268
1822,549,708834316713893888
17647,7614,708810915978854401
2928,887,708738143638450176
2726,796,708711088997666817
2720,741,708479650088034305
3281,894,708469915515297792
17116,11055,708400866336894977
3855,1472,708356463048204288
2513,806,708349470027751425
4562,1688,708149363256774660
3621,915,708130923141795840
2870,1067,708119489313951744
2068,590,708109389455101952
4664,2104,708026248782585858
3317,1227,707995814724026368
51,2,707983188426153984
2879,1060,707969809498152960
3501,1037,707776935007539200
2660,669,707741517457260545
4384,2702,707738799544082433
3658,1095,707693576495472641
2760,959,707629649552134146
18136,7024,707610948723478529
2440,764,707420581654872064
2428,653,707411934438625280
3750,1428,707387676719185920
3520,1177,707377100785885184
2637,704,707315916783140866
2946,877,707297311098011648
2751,740,707059547140169728
2355,877,707038192327901184
4342,1501,707021089608753152
2463,647,707014260413456384
15585,8584,706904523814649856
2212,662,706901761596989440
3548,1060,706681918348251136
2759,1195,706644897839910912
2309,689,706593038911545345
3698,1541,706538006853918722
3311,1128,706516534877929472
3682,1004,706346369204748288
22951,8755,706310011488698368
1818,511,706291001778950144
2914,1003,706265994973601792
4193,2439,706169069255446529
5510,1765,706166467411222528
1599,420,706153300320784384
3322,809,705975130514706432
3365,976,705970349788291072
2540,620,705898680587526145
2090,581,705786532653883392
3395,1266,705591895322394625
3171,1012,705475953783398401
4768,1805,705442520700944385
4085,1861,705428427625635840
3210,819,705239209544720384
2762,881,705223444686888960
2301,565,705102439679201280
2326,662,705066031337840642
4541,1218,704871453724954624
2411,600,704859558691414016
5476,1684,704847917308362754
2833,1105,704819833553219584
7110,3177,704761120771465216
3148,1090,704499785726889984
819,92,704491224099647488
3642,1158,704480331685040129
8611,3887,704364645503647744
1693,386,704347321748819968
1623,509,704134088924532736
1990,616,704113298707505153
3133,1002,704054845121142784
1977,510,703774238772166656
3527,1242,703769065844768768
2778,757,703631701117943808
4134,1665,703611486317502464
4077,1513,703425003149250560
2638,761,703407252292673536
3753,1252,703382836347330562
2041,423,703356393781329922
2107,607,703268521220972544
7905,3382,703079050210877440
28322,13751,703041949650034688
2776,794,702932127499816960
1730,493,702899151802126337
3443,1180,702684942141153280
2345,613,702671118226825216
11082,3599,702598099714314240
3074,1055,702539513671897089
3425,1701,702332542343577600
3518,1129,702321140488925184
2647,834,702276748847800320
5148,1469,702217446468493312
3684,1083,701981390485725185
4087,1113,701952816642965504
3820,1510,701889187134500865
3672,1851,701805642395348998
2237,504,701601587219795968
3014,1023,701570477911896070
2839,664,701545186879471618
13126,5625,701214700881756160
2383,629,700890391244103680
2778,668,700864154249383937
2605,545,700847567345688576
2611,1046,700796979434098688
24509,10297,700747788515020802
2819,874,700518061187723268
2442,624,700505138482569216
4444,1973,700462010979500032
2840,819,700167517596164096
2401,726,700151421916807169
8085,3026,700143752053182464
2826,760,700062718104104960
2213,636,700029284593901568
3544,1474,700002074055016451
3267,1057,699801817392291840
2410,543,699788877217865730
2963,1356,699779630832685056
2097,668,699775878809702401
10994,5028,699691744225525762
6360,2862,699446877801091073
2326,559,699434518667751424
1468,362,699423671849451520
2209,675,699413908797464576
2011,482,699370870310113280
3381,950,699323444782047232
2394,691,699088579889332224
2622,717,699079609774645248
3219,1295,699072405256409088
4052,1990,699060279947165696
2795,1308,699036661657767936
3630,1079,698989035503689728
2903,985,698953797952008193
2726,680,698907974262222848
2654,752,698710712454139905
1557,414,698703483621523456
1374,374,698635131305795584
2487,679,698549713696649216
2005,492,698355670425473025
2433,1041,698342080612007937
5097,2203,698262614669991936
17993,6553,698195409219559425
3014,806,698178924120031232
1631,364,697995514407682048
3525,1417,697990423684476929
2572,756,697943111201378304
3242,1299,697881462549430272
1871,591,697630435728322560
3382,1105,697616773278015490
3245,1379,697596423848730625
2191,552,697575480820686848
2225,1243,697516214579523584
2594,742,697482927769255936
3655,1512,697463031882764288
5004,2035,697270446429966336
3525,1091,697259378236399616
3239,1272,697255105972801536
2698,732,697242256848379904
3425,1124,696900204696625153
2522,739,696894894812565505
5180,1958,696886256886657024
2622,781,696877980375769088
1578,388,696754882863349760
2232,1039,696744641916489729
2546,716,696713835009417216
4184,1850,696518437233913856
1311,162,696490539101908992
2726,1132,696488710901260288
3443,1247,696405997980676096
2078,726,696100768806522880
3213,1282,695816827381944320
3411,852,695794761660297217
2005,819,695767669421768709
4905,2312,695629776980148225
4666,1979,695446424020918272
9223,3909,695409464418041856
3913,1619,695314793360662529
2823,674,695095422348574720
3045,1209,695074328191332352
1721,659,695064344191721472
2857,864,695051054296211456
2894,1007,694925794720792577
2966,1028,694905863685980160
38211,15842,694669722378485760
1614,317,694356675654983680
2183,679,694352839993344000
1687,531,694342028726001664
2150,548,694329668942569472
4490,2238,694206574471057408
3152,1014,694183373896572928
3629,1132,694001791655137281
2004,443,693993230313091072
1852,404,693942351086120961
2890,650,693647888581312512
1439,142,693644216740769793
2726,455,693642232151285760
2629,878,693629975228977152
1649,406,693622659251335168
5433,2158,693590843962331137
1759,281,693582294167244802
1899,684,693486665285931008
3599,1362,693280720173801472
2556,899,693267061318012928
2392,549,693262851218264065
3065,805,693231807727280129
8466,3513,693155686491000832
1843,672,693109034023534592
2010,506,693095443459342336
2862,816,692919143163629568
2609,964,692905862751522816
1918,661,692901601640583168
2442,884,692894228850999298
3087,964,692828166163931137
7316,3989,692752401762250755
4646,1683,692568918515392513
3425,1488,692535307825213440
1977,458,692530551048294401
1578,253,692423280028966913
10050,3809,692417313023332352
2698,901,692187005137076224
2310,876,692158366030913536
1759,430,692142790915014657
3643,1394,692041934689402880
3072,1051,692017291282812928
4228,1803,691820333922455552
8724,4608,691793053716221953
3099,1124,691756958957883396
2078,559,691675652215414786
2542,629,691483041324204033
4351,1254,691459709405118465
2841,933,691444869282295808
20770,8398,691416866452082688
2766,723,691321916024623104
3174,983,691096613310316544
1828,372,691090071332753408
6348,3161,690989312272396288
3829,1382,690959652130045952
4440,2189,690938899477221376
3527,1117,690932576555528194
4043,1406,690735892932222976
2320,570,690728923253055490
2490,868,690690673629138944
1401,307,690649993829576704
310,19,690607260360429569
2106,659,690597161306841088
2000,495,690400367696297985
3484,950,690374419777196032
2851,977,690360449368465409
1608,559,690348396616552449
1804,454,690248561355657216
2995,1137,690021994562220032
2685,808,690015576308211712
3921,1852,690005060500217858
1525,413,689999384604450816
1575,502,689993469801164801
1462,489,689977555533848577
2593,759,689905486972461056
3233,1304,689877686181715968
2317,825,689835978131935233
3421,1015,689661964914655233
11162,4279,689659372465688576
2400,717,689623661272240129
12483,6070,689599056876867584
2204,508,689557536375177216
3635,1568,689517482558820352
2411,1014,689289219123089408
3524,1212,689283819090870273
2144,788,689280876073582592
1240,272,689275259254616065
2752,1181,689255633275777024
3282,1102,689154315265683456
2179,568,689143371370250240
2927,959,688916208532455424
2269,847,688908934925697024
2250,865,688898160958271489
2391,770,688894073864884227
1473,406,688828561667567616
1024,214,688804835492233216
2374,728,688789766343622656
2792,770,688547210804498433
2471,799,688519176466644993
9980,4892,688385280030670848
2381,919,688211956440801280
2267,645,688179443353796608
3021,862,688116655151435777
1837,395,688064179421470721
5872,2789,687841446767013888
2928,1253,687826841265172480
2684,1049,687818504314159109
2560,767,687807801670897665
1890,723,687732144991551489
2615,929,687704180304273409
2080,564,687664829264453632
2051,633,687494652870668288
1712,273,687480748861947905
2123,592,687476254459715584
2187,594,687460506001633280
2033,688,687399393394311168
21574,10079,687317306314240000
4669,2090,687312378585812992
5864,2518,687127927494963200
2320,557,687124485711986689
6220,2717,687109925361856513
2508,1091,687102708889812993
2403,672,687096057537363968
9235,3487,686947101016735744
3763,1509,686760001961103360
3727,1608,686749460672679938
4449,1315,686730991906516992
3008,885,686683045143953408
3943,1495,686618349602762752
2020,595,686606069955735556
1884,752,686394059078897668
3477,974,686386521809772549
2376,621,686377065986265092
2355,751,686358356425093120
4287,1837,686286779679375361
2366,810,686050296934563840
1240,134,686035780142297088
3343,1288,686034024800862208
2647,460,686007916130873345
1953,704,686003207160610816
2263,590,685973236358713344
1758,674,685943807276412928
8077,3201,685906723014619143
2171,139,685681090388975616
2503,635,685667379192414208
3480,1606,685663452032069632
3139,854,685641971164143616
35379,17239,685547936038666240
3263,1269,685532292383666176
10192,4398,685325112850124800
2842,712,685321586178670592
3589,1187,685315239903100929
2214,482,685307451701334016
3330,1334,685268753634967552
2490,736,685198997565345792
4390,1568,685169283572338688
2457,422,684969860808454144
7147,3440,684959798585110529
3447,1152,684940049151070208
3763,523,684926975086034944
3755,1610,684914660081053696
2006,585,684902183876321280
2250,910,684880619965411328
37667,23750,684830982659280897
2910,1090,684800227459624960
9584,3894,684594889858887680
4415,1550,684588130326986752
3224,1361,684567543613382656
2845,1061,684538444857667585
4144,1288,684481074559381504
2113,611,684460069371654144
8756,3629,684241637099323392
1327,232,684225744407494656
4122,1522,684222868335505415
2327,1134,684200372118904832
2052,571,684195085588783105
3731,1294,684188786104872960
2165,739,684177701129875456
3194,1648,684147889187209216
2129,525,684122891630342144
4405,1577,684097758874210310
4065,1226,683857920510050305
2062,385,683852578183077888
2810,1079,683849932751646720
2810,1216,683834909291606017
2988,1160,683828599284170753
3590,1487,683773439333797890
6989,3667,683742671509258241
7895,3194,683515932363329536
3392,1053,683498322573824003
2817,1087,683481228088049664
2613,736,683462770029932544
4172,1770,683449695444799489
8150,2620,683391852557561860
3163,1035,683357973142474752
3085,1148,683142553609318400
3646,1005,683111407806746624
2320,717,683098815881154561
2128,617,683078886620553216
2313,805,683030066213818368
39747,18400,682962037429899265
1898,204,682808988178739200
2646,1232,682788441537560576
1629,479,682750546109968385
1409,393,682697186228989953
3264,1178,682662431982772225
2203,659,682638830361513985
3674,1275,682429480204398592
8123,1944,682406705142087680
2386,750,682393905736888321
1787,511,682389078323662849
3298,1098,682303737705140231
4470,1345,682259524040966145
3484,1300,682242692827447297
19662,10929,682088079302213632
5315,1866,682059653698686977
3440,1063,682047327939461121
7051,2218,682032003584274432
3374,1676,682003177596559360
2967,1132,681981167097122816
2643,915,681891461017812993
13691,4444,681694085539872773
1880,488,681679526984871937
2831,1022,681654059175129088
2047,517,681610798867845120
3801,1443,681579835668455424
15355,6406,681523177663676416
1757,305,681340665377193984
9944,4462,681339448655802368
2849,840,681320187870711809
4226,2012,681302363064414209
3402,1054,681297372102656000
3439,1210,681281657291280384
1556,300,681261549936340994
1602,601,681242418453299201
2558,529,681231109724700672
3970,1636,681193455364796417
2594,725,680970795137544192
4873,2182,680959110691590145
3452,1165,680940246314430465
2222,484,680934982542561280
2557,679,680913438424612864
1890,403,680889648562991104
3686,1468,680836378243002368
2318,724,680805554198020098
2535,906,680801747103793152
3057,1145,680798457301471234
2823,784,680609293079592961
3853,1472,680583894916304897
4529,2102,680497766108381184
1832,528,680494726643068929
2711,821,680473011644985345
1550,552,680440374763077632
1557,317,680221482581123072
3033,1290,680206703334408192
2293,560,680191257256136705
4169,1714,680176173301628928
2472,801,680161097740095489
3868,1908,680145970311643136
2451,1043,680130881361686529
2897,1003,680115823365742593
3810,1504,680100725817409536
13667,9772,680085611152338944
2744,962,680070545539371008
17870,7822,680055455951884288
2100,706,679877062409191424
2312,724,679872969355714560
2631,684,679862121895714818
3071,1356,679854723806179328
2536,856,679844490799091713
38784,15388,679828447187857408
3297,1232,679777920601223168
2239,882,679736210798047232
2312,906,679729593985699840
1770,520,679722016581222400
5082,2276,679530280114372609
2831,802,679527802031484928
3603,1414,679511351870550016
3380,1629,679503373272485890
2246,703,679475951516934144
33999,20687,679462823135686656
2540,1328,679405845277462528
22980,8912,679158373988876288
2959,1130,679148763231985668
3169,1274,679132435750195208
6378,2811,679111216690831360
18274,9037,679062614270468097
2408,751,679047485189439488
3016,1351,679001094530465792
2486,1283,678991772295516161
1746,506,678969228704284672
2745,988,678800283649069056
3723,1303,678798276842360832
2965,1011,678774928607469569
3764,1507,678767140346941444
1740,526,678764513869611008
7628,3638,678755239630127104
3999,1871,678740035362037760
5934,2669,678708137298427904
3068,1633,678675843183484930
2186,468,678643457146150913
4262,1727,678446151570427904
5777,2788,678424312106393600
4524,1998,678410210315247616
61851,30272,678399652199309312
1690,459,678396796259975168
1989,459,678389028614488064
2593,987,678380236862578688
1839,590,678341075375947776
1383,292,678334497360859136
12235,6645,678278586130948096
1686,407,678255464182861824
2049,426,678023323247357953
14653,6957,678021115718029313
3625,1829,677961670166224897
1435,445,677918531514703872
5144,2314,677895101218201600
3243,1065,677716515794329600
3600,1567,677700003327029250
1299,348,677698403548192770
2626,918,677687604918272002
3545,1632,677673981332312066
2078,1063,677662372920729601
1996,868,677644091929329666
2271,798,677573743309385728
1369,499,677565715327688705
2590,1270,677557565589463040
7370,3958,677547928504967168
1130,244,677530072887205888
3245,1951,677335745548390400
1438,320,677334615166730240
1155,258,677331501395156992
3856,1632,677328882937298944
1748,586,677314812125323265
1319,451,677301033169788928
2107,767,677269281705472000
3753,1783,677228873407442944
2899,1000,677187300187611136
2939,1168,676975532580409345
2337,883,676957860086095872
1373,428,676949632774234114
2297,951,676948236477857792
1802,410,676946864479084545
2200,831,676942428000112642
13476,5352,676936541936185344
3149,1951,676916996760600576
2379,788,676897532954456065
2231,781,676864501615042560
24483,17022,676821958043033607
1909,721,676819651066732545
1501,458,676811746707918848
5278,2186,676776431406465024
3064,1070,676617503762681856
1150,210,676613908052996102
1990,478,676606785097199616
1235,425,676603393314578432
4839,2343,676593408224403456
976,139,676590572941893632
2470,865,676588346097852417
1272,305,676582956622721024
2731,1221,676575501977128964
1981,604,676533798876651520
1598,580,676496375194980353
12328,5077,676470639084101634
1818,728,676440007570247681
1474,373,676430933382295552
2186,591,676263575653122048
1290,321,676237365392908289
79084,33719,676219687039057920
1832,638,676215927814406144
2402,1111,676191832485810177
2026,724,676146341966438401
2266,1265,676121918416756736
2962,1250,676101918813499392
3186,1561,676098748976615425
1386,462,676089483918516224
1727,629,675898130735476737
2247,946,675891555769696257
2514,1037,675888385639251968
4418,1526,675878199931371520
1734,611,675870721063669760
2842,1409,675853064436391936
998,165,675849018447167488
2409,966,675845657354215424
1608,574,675822767435051008
1109,247,675820929667219457
10831,3661,675798442703122432
1702,513,675781562965868544
1224,373,675740360753160193
1996,899,675710890956750848
2100,746,675707330206547968
679,103,675706639471788032
1905,452,675534494439489536
1243,416,675531475945709568
1093,307,675522403582218240
1377,492,675517828909424640
18061,6280,675501075957489664
3308,1403,675497103322386432
1362,643,675489971617296384
1943,1048,675483430902214656
1596,613,675432746517426176
1798,545,675372240448454658
1102,250,675362609739206656
34460,18485,675354435921575936
4141,2444,675349384339542016
2921,1389,675334060156301312
3808,1744,675166823650848770
6615,2808,675153376133427200
3932,1816,675149409102012420
993,260,675147105808306176
1254,338,675146535592706048
2242,967,675145476954566656
1362,529,675135153782571009
2052,842,675113801096802304
1010,272,675111688094527488
2927,1216,675109292475830276
1110,354,675047298674663426
2842,1290,675015141583413248
1023,242,675006312288268288
1624,505,675003128568291329
2361,1190,674999807681908736
905,380,674805413498527744
3150,929,674800520222154752
2631,1174,674793399141146624
1152,271,674790488185167872
845,223,674788554665512960
2096,1299,674781762103414784
1180,513,674774481756377088
1921,858,674767892831932416
825,258,674764817387900928
1426,481,674754018082705410
1540,501,674752233200820224
1468,587,674743008475090944
514,54,674742531037511680
1172,422,674739953134403584
672,99,674737130913071104
1200,499,674690135443775488
1691,699,674670581682434048
962,271,674664755118911488
1499,538,674646392044941312
1074,295,674644256330530816
1753,628,674638615994089473
1566,615,674632714662858753
984,108,674606911342424069
6502,2208,674468880899788800
1109,382,674447403907457024
1166,420,674436901579923456
1491,567,674422304705744896
711,149,674416750885273600
1248,500,674410619106390016
1562,615,674394782723014656
888,330,674372068062928900
584,77,674330906434379776
1477,551,674318007229923329
11853,7426,674307341513269249
15446,6327,674291837063053312
1636,776,674271431610523648
934,245,674269164442398721
1711,900,674265582246694913
1354,488,674262580978937856
1529,600,674255168825880576
783,181,674082852460433408
1019,304,674075285688614912
6644,2378,674063288070742018
3476,1398,674053186244734976
1516,515,674051556661161984
1475,688,674045139690631169
750,136,674042553264685056
1145,436,674038233588723717
878,233,674036086168010753
1868,1309,674024893172875264
1179,322,674019345211760640
1638,693,674014384960745472
1252,376,674008982932058114
2034,1032,673956914389192708
1215,388,673919437611909120
3327,1739,673906403526995968
973,267,673887867907739649
3210,813,673716320723169284
3700,2233,673715861853720576
1083,317,673711475735838725
885,296,673709992831262724
1116,308,673708611235921920
1146,419,673707060090052608
1306,422,673705679337693185
1492,608,673700254269775872
3965,2092,673697980713705472
1816,689,673689733134946305
1316,526,673688752737402881
1505,465,673686845050527744
1427,499,673680198160809984
1301,384,673662677122719744
747,258,673656262056419329
1166,394,673636718965334016
1655,773,673612854080196609
1240,391,673583129559498752
862,284,673580926094458881
1439,596,673576835670777856
1063,330,673363615379013632
1517,711,673359818736984064
1550,625,673355879178194945
1719,575,673352124999274496
761,223,673350198937153538
2625,1371,673345638550134785
1009,283,673343217010679808
1317,630,673342308415348736
14092,8455,673320132811366400
901,281,673317986296586240
7837,3376,673295268553605120
1105,394,673270968295534593
1473,771,673240798075449344
2343,900,673213039743795200
1771,668,673148804208660480
2039,764,672997845381865473
990,316,672995267319328768
1008,305,672988786805112832
1294,573,672984142909456390
1874,1052,672980819271634944
1753,975,672975131468300288
994,375,672970152493887488
1366,583,672968025906282496
1475,680,672964561327235073
1418,533,672902681409806336
922,445,672898206762672129
1618,879,672884426393653248
1064,391,672877615439593473
1366,608,672834301050937345
1303,518,672828477930868736
1009,340,672640509974827008
1345,523,672622327801233409
1270,622,672614745925664768
1155,410,672609152938721280
1157,431,672604026190569472
1375,641,672594978741354496
989,350,672591762242805761
756,198,672591271085670400
1066,394,672538107540070400
675,181,672523490734551040
1153,465,672488522314567680
1178,640,672482722825261057
739,129,672481316919734272
1494,742,672475084225949696
1412,572,672466075045466113
6715,3588,672272411274932228
1554,646,672267570918129665
1190,363,672264251789176834
2926,1652,672256522047614977
1480,781,672254177670729728
1790,639,672248013293752320
713,164,672245253877968896
928,335,672239279297454080
1915,1064,672231046314901505
813,224,672222792075620352
2347,1224,672205392827572224
1055,393,672169685991993344
903,381,672160042234327040
1821,766,672139350159835138
2502,1210,672125275208069120
1034,387,672095186491711488
978,387,672082170312290304
1347,545,672068090318987265
8792,4393,671896809300709376
1378,594,671891728106971137
3599,1453,671882082306625538
1477,728,671879137494245376
1301,584,671874878652489728
1168,530,671866342182637568
955,483,671855973984772097
7335,3688,671789708968640512
1239,553,671768281401958400
1747,975,671763349865160704
1399,816,671744970634719232
767,240,671743150407421952
1499,792,671735591348891648
8880,4630,671729906628341761
13377,7680,671561002136281088
951,219,671550332464455680
1410,632,671547767500775424
2071,1110,671544874165002241
1135,598,671542985629241344
962,417,671538301157904385
1224,434,671536543010570240
1070,610,671533943490011136
875,272,671528761649688577
1452,561,671520732782923777
982,306,671518598289059840
1680,770,671511350426865664
7323,3741,671504605491109889
956,472,671497587707535361
1051,495,671488513339211776
606,217,671486386088865792
792,243,671485057807351808
1470,782,671390180817915904
1164,310,671362598324076544
416,155,671357843010908160
496,118,671355857343524864
1009,460,671347597085433856
767,227,671186162933985280
1164,362,671182547775299584
907,375,671166507850801152
1731,1172,671163268581498880
388,86,671159727754231808
746,229,671154572044468225
695,161,671151324042559489
698,242,671147085991960577
1210,691,671141549288370177
965,425,671138694582165504
776,205,671134062904504320
3637,2686,671122204919246848
1404,817,671115716440031232
1189,464,671109016219725825
1150,308,670995969505435648
25516,9295,670842764863651840
617,206,670840546554966016
1158,736,670838202509447168
462,132,670833812859932673
763,231,670832455012716544
5794,4313,670826280409919488
803,201,670823764196741120
633,102,670822709593571328
3307,1642,670815497391357952
1173,284,670811965569282048
1189,520,670807719151067136
2044,1004,670804601705242624
351,93,670803562457407488
756,248,670797304698376195
867,293,670792680469889025
689,254,670789397210615808
627,213,670786190031921152
850,419,670783437142401025
1640,831,670782429121134593
806,304,670780561024270336
340,76,670778058496974848
1115,450,670764103623966721
466,120,670755717859713024
997,537,670733412878163972
866,390,670727704916926465
1265,526,670717338665226240
790,391,670704688707301377
610,256,670691627984359425
779,307,670679630144274432
261,45,670676092097810432
11158,5347,670668383499735048
1588,809,670474236058800128
364,89,670468609693655041
1010,587,670465786746662913
570,220,670452855871037440
1235,710,670449342516494336
6971,2090,670444955656130560
676,206,670442337873600512
1094,555,670435821946826752
1461,688,670434127938719744
335,121,670433248821026816
1445,674,670428280563085312
537,174,670427002554466305
1363,681,670421925039075328
655,332,670420569653809152
588,341,670417414769758208
2124,957,670411370698022913
580,237,670408998013820928
450,168,670403879788544000
581,227,670385711116361728
767,286,670374371102445568
340,71,670361874861563904
443,118,670338931251150849
4005,1307,670319130621435904
442,143,670303360680108032
736,300,670290420111441920
1077,358,670093938074779648
724,267,670086499208155136
2320,1335,670079681849372674
1626,838,670073503555706880
659,261,670069087419133954
795,367,670061506722140161
695,350,670055038660800512
673,187,670046952931721218
782,117,670040295598354432
610,296,670037189829525505
345,98,670003130994700288
336,89,669993076832759809
461,171,669972011175813120
313,64,669970042633789440
528,179,669942763794931712
394,111,669926384437997569
245,61,669923323644657664
840,425,669753178989142016
283,68,669749430875258880
542,94,669684865554620416
408,116,669683899023405056
367,141,669682095984410625
696,304,669680153564442624
838,463,669661792646373376
3676,1912,669625907762618368
984,391,669603084620980224
532,160,669597912108789760
1547,988,669583744538451968
450,153,669573570759163904
1648,1060,669571471778410496
243,60,669567591774625800
401,130,669564461267722241
378,81,669393256313184256
1389,764,669375718304980992
515,190,669371483794317312
476,166,669367896104181761
651,242,669363888236994561
381,131,669359674819481600
2815,1343,669354382627049472
671,269,669353438988365824
460,198,669351434509529089
1050,440,669328503091937280
599,121,669327207240699904
513,217,669324657376567296
938,407,669216679721873412
460,178,669214165781868544
1045,503,669203728096960512
683,328,669037058363662336
768,392,669015743032369152
597,264,669006782128353280
21672,6733,669000397445533696
458,248,668994913074286592
779,369,668992363537309700
710,345,668989615043424256
934,500,668988183816871936
574,177,668986018524233728
563,326,668981893510119424
826,373,668979806671884288
1364,619,668975677807423489
154,25,668967877119254528
736,251,668960084974809088
295,74,668955713004314625
281,61,668932921458302977
330,106,668902994700836864
412,161,668892474547511297
548,313,668872652652679168
470,174,668852170888998912
456,147,668826086256599040
595,285,668815180734689280
732,396,668779399630725120
552,229,668655139528511488
934,573,668645506898350081
922,561,668643542311546881
1121,563,668641109086707712
1083,510,668636665813057536
2937,1744,668633411083464705
745,338,668631377374486528
332,122,668627278264475648
411,140,668625577880875008
1507,826,668623201287675904
216,46,668620235289837568
634,333,668614819948453888
1731,1145,668587383441514497
254,61,668567822092664832
542,239,668544745690562560
484,226,668542336805281792
258,78,668537837512433665
484,237,668528771708952576
337,113,668507509523615744
426,139,668496999348633600
442,248,668484198282485761
478,155,668480044826800133
920,544,668466899341221888
643,313,668297328638447616
259,34,668291999406125056
524,144,668286279830867968
856,241,668274247790391296
574,251,668268907921326080
1352,650,668256321989451776
1027,511,668248472370458624
6439,3001,668237644992782336
316,110,668226093875376128
525,209,668221241640230912
571,204,668204964695683073
673,205,668190681446379520
510,202,668171859951755264
512,330,668154635664932864
580,302,668142349051129856
689,258,668113020489474048
1319,838,667937095915278337
309,117,667924896115245057
217,58,667915453470232577
511,318,667911425562669056
876,390,667902449697558528
1967,1150,667886921285246976
846,508,667885044254572545
403,124,667878741721415682
651,427,667873844930215936
3102,1084,667866724293877760
250,81,667861340749471744
294,65,667832474953625600
1089,524,667806454573760512
338,98,667801013445750784
719,344,667793409583771648
424,253,667782464991965184
239,59,667773195014021121
461,229,667766675769573376
383,158,667728196545200128
503,332,667724302356258817
0,35,667550904950915073
0,33,667550882905632768
5983,2395,667549055577362432
341,132,667546741521195010
894,549,667544320556335104
208,70,667538891197542400
845,561,667534815156183040
487,254,667530908589760512
1750,1167,667524857454854144
379,198,667517642048163840
6989,2215,667509364010450944
546,227,667502640335572993
545,287,667495797102141441
548,237,667491009379606528
264,101,667470559035432960
195,65,667455448082227200
320,93,667453023279554560
806,605,667443425659232256
463,248,667437278097252352
312,85,667435689202614272
476,225,667405339315146752
200,58,667393430834667520
376,169,667369227918143488
505,250,667211855547486208
630,272,667200525029539841
400,110,667192066997374976
765,431,667188689915760640
14748,6457,667182792070062081
194,57,667177989038297088
627,474,667176164155375616
255,86,667174963120574464
228,95,667171260800061440
2755,1191,667165590075940865
262,65,667160273090932737
48968,17791,667152164079423490
4737,2307,667138269671505920
336,133,667119796878725120
339,130,667090893657276420
412,127,667073648344346624
85,14,667070482143944705
169,49,667065535570550784
221,56,667062181243039745
191,51,667044094246576128
460,234,667012601033924608
248,98,666996132027977728
2615,1014,666983947667116034
838,568,666837028449972224
220,81,666835007768551424
258,99,666826780179869698
532,259,666817836334096384
244,94,666804364988780544
779,499,666786068205871104
396,203,666781792255496192
360,178,666776908487630848
240,67,666739327293083650
440,223,666701168228331520
190,48,666691418707132416
897,592,666649482315059201
234,85,666644823164719104
529,212,666454714377183233
105,22,666447344410484738
129,50,666437273139982337
168,54,666435652385423360
321,199,666430724426358785
166,84,666428276349472768
319,114,666421158376562688
127,47,666418789513326592
450,329,666411507551481857
110,41,666407126856765440
168,86,666396247373291520
189,93,666373753744588802
782,577,666362758909284353
222,73,666353288456101888
300,140,666345417576210432
199,92,666337882303524864
511,358,666293911632134144
149,68,666287406224695296
177,76,666273097616637952
104,35,666268910803644416
14404,6660,666104133288665088
79,13,666102155909144576
158,69,666099513787052032
166,76,666094000022159362
119,45,666082916733198337
323,166,666073100786774016
148,62,666071193221509120
479,223,666063827256086533
112,57,666058600524156928
298,141,666057090499244032
437,257,666055525042405380
1229,854,666051853826850816
132,58,666050758794694657
109,40,666049248165822465
298,141,666044226329800704
125,44,666033412701032449
130,47,666029285002620928
2560,518,666020888022790149
